              precision    recall  f1-score   support

           a       1.00      1.00      1.00        10
           b       1.00      1.00      1.00         8
           c       0.90      1.00      0.95         9
           d       1.00      0.89      0.94         9
           e       1.00      1.00      1.00        10
           f       1.00      1.00      1.00        10
           g       1.00      0.80      0.89        10
           h       0.80      1.00      0.89         8
           i       1.00      1.00      1.00        10
           j       1.00      1.00      1.00        10
           k       1.00      1.00      1.00        10
           l       1.00      1.00      1.00        10
           m       1.00      1.00      1.00        10
           n       1.00      1.00      1.00        11
           o       1.00      1.00      1.00        10
           p       1.00      1.00      1.00        11
           q       1.00      0.90      0.95        10
           r       1.00      1.00      1.00         9
           s       1.00      0.90      0.95        10
           t       1.00      1.00      1.00        11
           u       0.90      0.90      0.90        10
           v       0.83      1.00      0.91        10
           w       1.00      1.00      1.00         9
           x       1.00      1.00      1.00         9
           y       1.00      1.00      1.00        11
           z       1.00      1.00      1.00         8
           0       1.00      1.00      1.00        11
           1       1.00      1.00      1.00        10
           2       1.00      1.00      1.00        10
           3       1.00      1.00      1.00        10
           4       1.00      0.89      0.94         9
           5       0.91      1.00      0.95        10
           6       1.00      1.00      1.00        10
           7       1.00      1.00      1.00        10
           8       1.00      1.00      1.00        10
           9       1.00      1.00      1.00         9

    accuracy                           0.98       352
   macro avg       0.98      0.98      0.98       352
weighted avg       0.98      0.98      0.98       352


